,state,participation_17,english,math,reading,science,composite_17,participation_18,composite_18,participation_19,composite_19
0,National,0.6,20.3,20.7,21.4,21.0,21.0,,,0.52,20.7
1,Alabama,1.0,18.9,18.4,19.7,19.4,19.2,1.0,19.1,1.0,18.9
2,Alaska,0.65,18.7,19.8,20.4,19.9,19.8,0.33,20.8,0.38,20.1
3,Arizona,0.62,18.6,19.8,20.1,19.8,19.7,0.66,19.2,0.73,19.0
4,Arkansas,1.0,18.9,19.0,19.7,19.5,19.4,1.0,19.4,1.0,19.3
5,California,0.31,22.5,22.7,23.1,22.2,22.8,0.27,22.7,0.23,22.6
6,Colorado,1.0,20.1,20.3,21.2,20.9,20.8,0.3,23.9,0.27,23.8
7,Connecticut,0.31,25.5,24.6,25.6,24.6,25.2,0.26,25.6,0.22,25.5
8,Delaware,0.18,24.1,23.4,24.8,23.6,24.1,0.17,23.8,0.13,24.1
9,District of Columbia,0.32,24.4,23.5,24.9,23.5,24.2,,,0.32,23.5
10,Florida,0.73,19.0,19.4,21.0,19.4,19.8,0.66,19.9,0.54,20.1
11,Georgia,0.55,21.0,20.9,22.0,21.3,21.4,0.53,21.4,0.49,21.4
12,Hawaii,0.9,17.8,19.2,19.2,19.3,19.0,0.89,18.9,0.8,19.0
13,Idaho,0.38,21.9,21.8,23.0,22.1,22.3,0.36,22.3,0.31,22.5
14,Illinois,0.93,21.0,21.2,21.6,21.3,21.4,0.43,23.9,0.35,24.3
15,Indiana,0.35,22.0,22.4,23.2,22.3,22.6,0.32,22.5,0.29,22.5
16,Iowa,0.67,21.2,21.3,22.6,22.1,21.9,0.68,21.8,0.66,21.6
17,Kansas,0.73,21.1,21.3,22.3,21.7,21.7,0.71,21.6,0.72,21.2
18,Kentucky,1.0,19.6,19.4,20.5,20.1,20.0,1.0,20.2,1.0,19.8
19,Louisiana,1.0,19.4,18.8,19.8,19.6,19.5,1.0,19.2,1.0,18.8
20,Maine,0.08,24.2,24.0,24.8,23.7,24.3,0.07,24.0,0.06,24.3
21,Maine,0.08,24.2,24.0,24.8,23.7,24.3,0.07,24.0,0.06,24.3
22,Maryland,0.28,23.3,23.1,24.2,2.3,23.6,0.31,22.5,0.28,22.3
23,Massachusetts,0.29,25.4,25.3,25.9,24.7,25.4,0.25,25.5,0.21,25.5
24,Michigan,0.29,24.1,23.7,24.5,23.8,24.1,0.22,24.2,0.19,24.4
25,Minnesota,1.0,20.4,21.5,21.8,21.6,21.5,0.99,21.3,0.95,21.4
26,Mississippi,1.0,18.2,18.1,18.8,18.8,18.6,1.0,18.6,1.0,18.4
27,Missouri,1.0,19.8,19.9,20.8,20.5,20.4,1.0,20.0,0.82,20.8
28,Montana,1.0,19.0,20.2,21.0,20.5,20.3,1.0,20.0,1.0,19.8
29,Nebraska,0.84,20.9,20.9,21.9,21.5,21.4,1.0,20.1,1.0,20.0
30,Nevada,1.0,16.3,18.0,18.1,18.2,17.8,1.0,17.7,1.0,17.9
31,New Hampshire,0.18,25.4,25.1,26.0,24.9,25.5,0.16,25.1,0.14,25.0
32,New Jersey,0.34,23.8,23.8,24.1,23.2,23.9,0.31,23.7,0.25,24.2
33,New Mexico,0.66,18.6,19.4,20.4,20.0,19.7,0.67,19.4,0.63,19.3
34,New York,0.31,23.8,24.0,24.6,23.9,24.2,0.27,24.5,0.22,24.5
35,North Carolina,1.0,17.8,19.3,19.6,19.3,19.1,1.0,19.1,1.0,19.0
36,North Dakota,0.98,19.0,20.4,20.5,20.6,20.3,0.98,20.3,0.96,19.9
37,Ohio,0.75,21.2,21.6,22.5,22.0,22.0,1.0,20.3,1.0,20.0
38,Oklahoma,1.0,18.5,18.8,20.1,19.6,19.4,1.0,19.3,1.0,18.9
39,Oregon,0.4,21.2,21.5,22.4,21.7,21.8,0.42,21.3,0.42,21.1
40,Pennsylvania,0.23,23.4,23.4,24.2,23.3,23.7,0.2,23.5,0.17,23.6
41,Rhode Island,0.21,24.0,23.3,24.7,23.4,24.0,0.15,24.2,0.12,24.7
42,South Carolina,1.0,17.5,18.6,19.1,18.9,18.7,1.0,18.3,0.78,18.8
43,South Dakota,0.8,20.7,21.5,22.3,22.0,21.8,0.77,21.9,0.75,21.6
44,Tennessee,1.0,19.5,19.2,20.1,19.9,19.8,1.0,19.6,1.0,19.4
45,Texas,0.45,19.5,20.7,21.1,20.9,20.7,0.45,20.7,0.39,20.5
46,Utah,1.0,19.5,19.9,20.8,20.6,20.3,1.0,20.4,1.0,20.3
47,Vermont,0.29,23.3,23.1,24.4,23.2,23.6,0.24,24.1,0.2,24.1
48,Virginia,0.29,23.5,23.3,24.6,23.5,23.8,0.24,23.9,0.21,24.0
49,Washington,0.29,20.9,21.9,22.1,22.0,21.9,0.24,22.2,0.24,22.1
50,West Virginia,0.69,20.0,19.4,21.2,20.5,20.4,0.65,20.3,0.49,20.8
51,Wisconsin,1.0,19.7,20.4,20.6,20.9,20.5,1.0,20.5,1.0,20.3
52,Wyoming,1.0,19.4,19.8,20.8,20.6,20.2x,1.0,20.0,1.0,19.8
